174848
71756
726727
23096
592915
145998
353701
691810
617151
281657
46161
831470
582789
661036
915365
298445
846646
200553
184415
56381
659305
438330
737147
478086
909112
561673
477979
242550
225423
995121
62625
729349
895331
338488
311812
639634
294946
487866
378355
658939
616282
965773
924036
661942
170374
64700
109362
50457
670846
717382
695109
80058
636969
39285
580322
717491
135922
80943
354857
592878
716665
653099
185799
413739
703056
125200
817376
668846
554950
617397
589948
927252
340429
893246
276237
919666
156240
214530
38455
301027
82275
345021
589559
597535
248764
695679
712771
659478
34127
820691
819424
686059
670015
29219
685628
887975
630196
441809
751175
586909
